a =[10,20,50]; 
b =[0.01,0.01,0.01];
c =[10,20,50];
d =[0.01,0.01,0.01];
Cs = [75, 72, 70];
Ce = [75, 72, 70];
Esi_max = [100, 60, 50];
Esi_min = [15, 10, 5];
Psi_max = [80, 100, 70];
Eei_max = [100, 60, 50];
Eei_min = [15, 10, 5];
Pei_max = [80, 100, 70];